@Scatterer_ocean
{
	Ocean
	{
		name = Jötunn
		m_foamAnsio = 0
		m_foamMipMapBias = -2
		m_whiteCapStr = 0.3
		shoreFoam = 1.5
		m_farWhiteCapStr = -0.1
		AMP = 3.5
		m_windSpeed = 4
		m_omega = 1
		m_gravity = 3.00333023
		maxWaveInteractionShipAltitude = 500
		m_whiteCapStr = 0.300000012
		shoreFoam = 1.5
		m_farWhiteCapStr = -0.100000001
		m_oceanUpwellingColor = 0.0309999995,0.0179999992,0.0170000009
		m_UnderwaterColor = 0.310000002,0.180000007,0.170000002
		offScreenVertexStretch = 1.5
		alphaRadius = 1500
		transparencyDepth = 9
		darknessDepth = 730
		refractionIndex = 1.3327
		skyReflectionStrength = 0.5
		causticsTexturePath = scatterer/config/Planets/Caustics.png
		causticsLayer1Scale = 0.200000003,0.200000003
		causticsLayer1Speed = 0.0612000003,-0.151199996
		causticsLayer2Scale = 0.277099997,0.267100006
		causticsLayer2Speed = -0.0748699978,0.174869999
		causticsMultiply = 1
		causticsUnderwaterLightBoost = 2
		causticsMinBrightness = 0.5
		causticsBlurDepth = 165
		lightRaysStrength = 5
	}
}
